HERO'S STATS:
25;39;1500;777 // hero:ypos, xpos, whif, energy
TERRAIN TILES 1 meadow, 2 swamp, 3 water, 4 wall, ypos, xpos
3;35;0 // first 4 tiles of 4 tile river?
3;36;0
3;37;0
3;34;1
3;35;1
3;36;1
3;35;2
3;36;2
3;37;2
3;36;3
3;37;3
3;38;3
3;35;4 // next 4 tiles of 4 tile river?
3;36;4
3;37;4
3;34;5
3;35;5
3;36;5
3;35;6
3;36;6
3;37;6
3;36;7
3;37;7
3;38;7
3;35;8 // next 4 tiles of 4 tile river?
3;36;8
3;37;8
3;34;9
3;35;9
3;36;9
3;35;10
3;36;10
3;37;10
3;36;11
3;37;11
3;38;11
3;35;12// next 4 tiles of 4 tile river?
3;36;12
3;37;12
3;34;13
3;35;13
3;36;13
3;35;14
3;36;14
3;37;14
3;36;15
3;37;15
3;38;15
3;35;16 // next 4 tiles of 4 tile river?
3;36;16
3;37;16
3;34;17
3;35;17
3;36;17
3;35;18
3;36;18
3;37;18
3;36;19
3;37;19
3;38;19
3;35;20 // next 4 tiles of 4 tile river?
3;36;20
3;37;20
3;34;21
3;35;21
3;36;21
3;35;22
3;36;22
3;37;22
3;36;23
3;37;23
3;38;23
3;35;24 // START OF STRAIGHT RIVER
3;36;24
3;37;24
3;35;25
3;36;25
3;37;25
3;35;26
3;36;26
3;37;26
3;35;27
3;36;27
3;37;27
3;35;28 // next 4 tiles of 4 tile river?
3;36;28
3;37;28
3;35;29
3;36;29
3;37;29
3;35;30
3;36;30
3;37;30
3;35;31
3;36;31
3;37;31
3;35;32 // next 4 of straight river.
3;36;32
3;37;32
3;35;33
3;36;33
3;37;33
3;35;34
3;36;34
3;37;34
3;35;35
3;36;35
3;37;35
3;35;36 // next 4 tiles of 4 tile river?
3;36;36
3;37;36
3;35;37
3;36;37
3;37;37
3;35;38
3;36;38
3;37;38
3;35;39
3;36;39
3;37;39 // THIS IS WHERE THERE IS A 2 TILE 'BRIDGE'
3;35;42 // 'right' side of the bridge.
3;36;42
3;37;42
3;35;43
3;36;43
3;37;43
3;35;44
3;36;44
3;37;44
3;35;45
3;36;45
3;37;45
3;35;46 // next 4 of straight river.
3;36;46
3;37;46
3;35;47
3;36;47
3;37;47
3;35;48
3;36;48
3;37;48
3;35;49
3;36;49
3;37;49
3;35;50 // 'right' side of the bridge.
3;36;50
3;37;50
3;35;51
3;36;51
3;37;51
3;35;52
3;36;52
3;37;52
3;35;53
3;36;53
3;37;53
3;35;54 // next 4 of straight river.
3;36;54
3;37;54
3;35;55
3;36;55
3;37;55
3;35;56
3;36;56
3;37;56
3;35;57
3;36;57
3;37;57 // why the spaces still work in the program, I have no idea

4;5;0 // this is the great northern wall...
4;5;1
4;5;2
4;5;3
4;5;4
4;5;5
4;5;6
4;5;7
4;5;8
4;5;9
4;5;10
4;5;11
4;5;12
4;5;13
4;5;14
4;5;15
4;5;16
4;5;17
4;5;18
4;5;19
4;5;20
4;5;21
4;5;22
4;5;23
4;5;24
4;5;25
4;5;26
4;5;27
4;5;28
4;5;29
4;5;30
4;5;31
4;6;0 // this is the great northern wall...
4;6;1
4;6;2
4;6;3
4;6;4
4;6;5
4;6;6
4;6;7
4;6;8
4;6;9
4;6;10
4;6;11
4;6;12
4;6;13
4;6;14
4;6;15
4;6;16
4;6;17
4;6;18
4;6;19
4;6;20
4;6;21
4;6;22
4;6;23
4;6;24
4;6;25
4;6;26
4;6;27
4;6;28
4;6;29
4;6;30
4;6;31
4;7;31 // little hook on wall
4;8;31
4;9;31
4;10;31

2;15;7 // haunted SWAMP
2;16;6
2;16;7
2;16;8
2;17;7
2;17;8
2;17;9
2;18;6
2;18;7
2;18;8
4;18;9  // random rock
2;19;5
2;19;6
2;19;7
2;20;5
2;20;6
2;20;7
2;20;8
2;20;9
2;20;10
4;21;4  // rock
2;21;5
2;21;6
2;21;7
2;21;8
2;21;9
2;21;10
2;15;27 // haunted SWAMP
2;16;26
2;16;27
2;16;28
2;17;27
2;17;28
2;17;29
2;18;26
2;18;27
2;18;28
4;18;29  // random rock
2;19;25
2;19;26
2;19;27
2;20;25
2;20;26
2;20;27
2;20;28
2;20;29
2;20;30
4;21;24  // rock
2;21;25
2;21;26
2;21;27
2;21;28
2;21;29
2;21;30
999;999;999  // 999 signals the end of the terrain portion of file
2;25;30 // this should be binoculars?
1;22;30;25;100;Broccoli;
1;23;35;50;120;Cuban Sandwich;
1;26;35;399;84;Pastrami on Rye;
999;999;999 // once again, signals end of terrain.
